1.364464218316960149e+07
1.087654635716971755e+07
1.156515156497805938e+07
1.005699894988694787e+07
1.020960187477162294e+07
8.362514904447210953e+06
8.933742375207090750e+06
1.326283105307252333e+07
9.051113729804839939e+06
8.448701937635220587e+06
1.817024375125481933e+07
8.867774736818809062e+06
1.297806923138773628e+07
9.526300608997626230e+06
8.345501649209378287e+06
8.598196989953758195e+06
1.220765376928128861e+07
1.006842913643126749e+07
1.233711728790393844e+07
8.931224392076352611e+06
1.045320117191344127e+07
9.333720688396364450e+06
1.328463349684588052e+07
1.303003164619168639e+07
1.474878548323531449e+07
2.154261208605799824e+07
1.142410221685021929e+07
7.320918557364050299e+06
1.843201517977485806e+07
1.558974204299759306e+07
1.503674461049987748e+07
1.347501774908620678e+07
1.588590018465417624e+07
1.852422905089753866e+07
1.018058712290166877e+07
1.431584010614433698e+07
1.317816052687460184e+07
1.286638304262848571e+07
1.448396484634542465e+07
1.989080836874134839e+07
1.541984636627337709e+07
1.553055720150637068e+07
1.599221945399310254e+07
1.323163530804320425e+07
1.957655287897262350e+07
2.398307843645982817e+07
2.659420586518798769e+07
2.736649039920037612e+07
2.482371144081711024e+07
1.948780041418666020e+07
3.727287163101446629e+07
2.219468817531357333e+07
1.650849565416862071e+07
1.705674054767033458e+07
3.684580928560917079e+07
3.059254630705863237e+07
3.378852043746858090e+07
3.828720683896781504e+07
3.318729697224368155e+07
7.223700217352052033e+07
3.291623575290768594e+07
3.216756020546700433e+07
6.722913279248176515e+07
3.117114832215465605e+07
5.412440697411069274e+07
9.666103559974271059e+07
6.989608526487599313e+07
1.336264622682282925e+08
1.117463666231314093e+08
3.014620677455173433e+07
8.320115821312908828e+07
9.865923450269825757e+07
5.563151977510117739e+07
8.604934708500424027e+07
8.801829699206788838e+07
7.930431066960246861e+07
1.167858997910677791e+08
2.083342481960382462e+08
1.316294217792067081e+08
2.570333654746311009e+08
1.554207020538598895e+08
1.111026675916570574e+08
3.687758662862581015e+08
4.622042997763546109e+08
4.620417160066992640e+08
8.045513575333800316e+08
4.062462003810256124e+08
5.889177598539892435e+08
9.541684943654582500e+08
1.158348548880638361e+09
1.299287052736533880e+08
6.907399699101494551e+08
1.026782078706809402e+09
1.102045434876420021e+09
2.082500616637773514e+09
1.898915950199154139e+09
1.293236088741420031e+09
6.309089328975183517e+07
3.108152431043794632e+09
1.588614492667020559e+09
2.400161542837537289e+09
4.713667614870790482e+09
2.231568755331777096e+09
5.396824879611293793e+09
5.678951748903446198e+09
9.849313705488622665e+09
3.066047412681033134e+09
6.822867480616240501e+09
8.491556363831837475e+07
3.312554947285438329e+07
2.380395310140313721e+10
1.092975700704226196e+08
6.385302815329147130e+07
6.082064472654541582e+07
5.706939171565451622e+09
7.189662852441730499e+09
6.629030525011934280e+09
8.520997067291493416e+09
5.077216358569060326e+09
8.671369423498720169e+09
8.699544471991563797e+09
7.480567381165996552e+09
6.968503700317170143e+09
8.580467647466593742e+09
6.914645051398734093e+09
7.154645564942255974e+09
7.469415276582398415e+09
8.137161270886247635e+09
6.254293917679718971e+09
6.843124788459981918e+09
4.695782482711648941e+09
8.218338221398223877e+09
6.494598086203351021e+09
1.824413373434064865e+10
2.351258613222629547e+09
6.950258067641414642e+09
9.123095304141706467e+09
8.018375681178303719e+09
4.713903354583915710e+09
9.104404102741178513e+09
9.764115646353948593e+09
9.825747301912164688e+09
7.669700485262129784e+09
1.782330248995073700e+10
9.959991638244831085e+09
8.510369321467289925e+09
1.000896791609154701e+10
1.598841539632809067e+10
8.562461140676523209e+09
8.576019122571687698e+09
6.859530179641894341e+09
8.549377860524760246e+09
1.479617234252957821e+09
8.228920781605852127e+09
7.080355991263931274e+09
7.111822917095285416e+09
8.284928982951368332e+09
8.471660804612768173e+09
6.729632089379590988e+09
9.952462177842929363e+08
5.563422925787175179e+09
2.404950380539654255e+09
4.767783623726321220e+09
3.646300214269097328e+09
5.124854614858973503e+09
7.940367863391237259e+09
4.722872910407176018e+09
2.826288828474954605e+09
7.968376854216997147e+09
7.388119017004113197e+09
5.880376644973704338e+09
5.496766586884025574e+09
2.513317660175865650e+09
1.136383204722043276e+08
5.921681173718486786e+09
3.557449022584700584e+09
5.968210756650058031e+08
5.478731547391839325e+07
9.187864732557214797e+07
5.474498566137213260e+07
6.705900980296243668e+09
2.258132526041419208e+08
5.985704474046853185e+07
6.336160398130661964e+09
6.216279628733529896e+07
5.455191780611806363e+07
5.440626058873710781e+07
2.584405180244511604e+09
2.072944861479150653e+08
3.343688101581204891e+09
1.725432634278906584e+08
5.416468959301257879e+07
5.871442839055255890e+09
3.973554460071627617e+09
6.819316693379339218e+09
1.899566522441595840e+10
6.948772588666690826e+09
5.624721772366442680e+09
5.515904103802218437e+09
3.464705455544333458e+09
