8.628222446896808222e+06
9.100137225355165079e+06
9.493192558039920405e+06
1.075118104030557163e+07
9.704355640406707302e+06
8.297297109151974320e+06
9.116447841129792854e+06
1.140987346873958036e+07
1.107581472687919438e+07
1.136303813733841106e+07
9.920057597722392529e+06
8.280689317360534333e+06
1.566844341793921962e+07
1.434280924480785802e+07
9.505699855038326234e+06
9.096839233053805307e+06
1.412461197523944452e+07
9.525105252734160051e+06
1.758371587966595963e+07
1.167314951832667924e+07
1.795435210232603550e+07
7.368205883687544614e+06
1.669777802742342465e+07
1.355976483127950504e+07
1.093696532266413607e+07
2.631921474217744172e+07
1.232916561044422537e+07
8.513104715232919902e+06
2.274116775532512739e+07
1.449104681495920755e+07
1.200888583326380327e+07
1.110460655298895761e+07
1.497158415231894888e+07
1.183038196171342209e+07
1.741194128251931816e+07
1.441823800017873943e+07
1.887172454666063562e+07
2.284350139066034928e+07
1.837970858145280555e+07
1.762030732140388340e+07
1.564017556063510291e+07
2.404939087293734029e+07
2.566511903253938258e+07
3.552532264104054123e+07
1.850530172455855832e+07
2.011071813207280636e+07
1.731051034574980661e+07
1.682222523431421071e+07
2.161058963112361729e+07
2.783452907119901851e+07
3.066336245092609152e+07
2.245137851695671678e+07
1.863976255041869357e+07
7.226994216674914956e+07
6.342982456353982538e+07
2.947564689401166141e+07
1.033332726628382057e+08
3.160883023689521477e+07
3.261455224439626560e+07
4.656658968018686026e+07
2.145562054834575206e+07
3.539561472031052411e+07
5.287222878849545866e+07
3.455317869737485796e+07
3.496665097253050655e+07
3.816511958256655186e+07
5.182350041784559935e+07
6.084422869850216806e+07
1.037025080337367654e+08
2.865360633311275765e+07
3.682907983051363379e+07
1.428189771531121135e+08
4.038149367011807859e+07
1.058849059307132363e+08
6.623247872553489357e+07
5.256961099541888386e+07
4.469493462675072253e+07
5.957114123582710326e+07
5.234110186936895549e+07
4.662357978128293157e+07
1.577211409137726128e+08
1.186647113995124251e+08
4.923273811163180321e+07
2.379962727141489387e+08
6.775371833420857191e+08
2.679947341691242456e+08
1.444101710177555680e+08
9.209269475119885802e+07
2.401563593878693879e+08
4.706382926445404291e+08
1.592556299629655778e+08
4.201971359387934208e+08
9.519160443329289556e+07
6.335822835903745890e+08
2.388017141625751972e+09
8.713110475467175245e+08
5.894194366162233353e+08
4.637958850118223429e+08
1.330575764143538952e+09
5.445872353252094984e+07
1.117939294544697285e+09
1.245495528862217188e+09
1.422029453695130646e+08
4.782015238367831230e+09
4.077789971598883629e+09
3.733566481269694328e+09
6.319915928671689987e+09
5.528712229154803276e+09
5.800837741110519409e+09
9.871755229270556569e+07
9.013190483981402218e+07
8.234634461680365562e+09
8.107184574826182425e+07
3.893750615001844883e+09
5.940789421334958076e+09
4.377482658357432365e+09
4.713447916801465988e+09
5.606962519873854637e+09
8.855972436468723297e+09
7.355611982493159294e+09
4.299903633273438454e+09
4.285298393482372761e+09
5.873251603649804115e+09
5.339522464785970002e+07
7.172184291737976074e+09
4.046982561431890965e+09
1.405686049960354805e+09
3.391968066402058601e+09
2.473101083839890480e+09
5.989466986171252251e+09
6.234402600042733192e+09
3.765093959145880222e+09
4.327624924788199425e+09
6.168827032751605988e+09
4.453569083350959778e+09
5.754271734513971329e+09
4.500434792726181030e+09
8.173817009258347511e+09
2.038186023348586273e+10
1.615605348566887474e+10
4.418594430963861197e+07
1.763810627663203049e+10
1.885437301663909149e+10
1.421412050231414318e+09
2.186966214683970261e+10
8.114180898228354454e+09
1.722961739142658234e+10
1.982431166929177475e+10
1.699293828646388817e+10
1.464988920464005280e+10
