6.049462379383576103e+06
1.244232603554980643e+07
8.524349017289714888e+06
1.240544377997923456e+07
9.599076352291710675e+06
1.255403340370187350e+07
1.338498280398475751e+07
1.082523330284714513e+07
1.318147553711755760e+07
1.013171471895342693e+07
8.305749190846621059e+06
1.124237407798518613e+07
9.484847740280944854e+06
9.429767739670010284e+06
1.281580936935624294e+07
1.306604580972862430e+07
1.323795141207195073e+07
7.998740096335011534e+06
7.421013463835974224e+06
1.230061081896660849e+07
9.880911129379317164e+06
9.144881577745074406e+06
8.670125056308833882e+06
1.329932237138221040e+07
1.560974528009002283e+07
1.068457533261939138e+07
1.012763770316709951e+07
1.566466230771168694e+07
1.463409363353356533e+07
1.602218911434447952e+07
3.123739113631829619e+07
1.266437072057222761e+07
2.218020155860035121e+07
9.260635856487041339e+06
1.800023356390775368e+07
2.067116278787861019e+07
2.322168976544006169e+07
1.410258992227192223e+07
1.501957457796468958e+07
1.372914647071209364e+07
1.787429543246198446e+07
1.555658433171168528e+07
3.684112344281190634e+07
3.694233494956191629e+07
1.125778384555251896e+07
2.321197851895396039e+07
3.142585335530335829e+07
1.469833498447956517e+07
2.452013203174610808e+07
2.034002632119420171e+07
2.471833406171548367e+07
3.910862882929442823e+07
3.817051364999455959e+07
2.304761151699696854e+07
1.605805462597195059e+07
4.532657714394497871e+07
3.245632374879095331e+07
5.769903604109498858e+07
2.655733322544359416e+07
3.412700666193336248e+07
1.616406594115514494e+07
4.863819195929507166e+07
2.862402224397721887e+07
1.069026756386286914e+08
2.590528443780666590e+07
7.319891832639978826e+07
3.123375158262012154e+07
4.999616178636080027e+07
4.071944095434129983e+07
3.636128929907062650e+07
7.409666048615083098e+07
4.465169190482488275e+07
8.811979595094904304e+07
3.698168562376988679e+07
1.006659457478185445e+08
1.214122244445426762e+08
4.233449466172852367e+07
5.710896326277072728e+07
6.280571711563216150e+07
1.983023368730570078e+09
6.877212340642300248e+07
5.359169881414773315e+07
1.153517915396359414e+08
1.301818173566318303e+08
7.423156801734322309e+07
2.038894633304114044e+08
3.858277884541665912e+08
2.767704811573584080e+08
1.568337462851635516e+08
7.842911725535768270e+08
9.688450133838994801e+07
2.697370274070417881e+08
3.987375069309479594e+08
9.425498089049241543e+08
1.962452787969422936e+08
1.102941928785598516e+09
2.353532675371616364e+09
1.338675502989113808e+09
5.795223321437608004e+08
7.788674680329698324e+08
3.052844869345840216e+08
1.100036636273944378e+09
2.496773967917244911e+09
1.000076948769951582e+09
1.109851722727281749e+08
1.433537909318109035e+09
4.227708568352785893e+06
2.928713539422561169e+09
6.257772447942112923e+09
2.152569854007241875e+07
4.552769101908627510e+09
3.752954039883138984e+07
1.580723957905469239e+08
4.715232272800845146e+09
5.355830332534865379e+09
6.160360569791585922e+09
5.026570743809885979e+09
1.294836289279723726e+07
3.755888591303326190e+07
4.397311614815901756e+09
1.769443971141300350e+07
7.746806026481823921e+09
7.255037236730851173e+09
9.431647021008712769e+09
6.415753973710937500e+09
9.001381417059198380e+09
2.474930337627574801e+07
6.292492886723609924e+09
7.257155305492190361e+09
6.363038652745159149e+09
7.257032584711070061e+09
3.813091672912687302e+09
3.460351372021025181e+09
4.882079630752680779e+09
1.878839775558280468e+09
4.385912354213076591e+09
6.254858859631496429e+09
1.175379212143521756e+08
5.915546915799973488e+09
4.813307477800589561e+09
2.718412854076767445e+09
4.967017357689199448e+09
5.346401602694644034e+07
5.641317039124914169e+09
1.186509777521900460e+07
1.811846738111074641e+07
9.195698571792646408e+09
6.927061249970196724e+09
4.029912590427092075e+09
6.213477038103200912e+09
5.569479354710590839e+08
6.110732372867044061e+07
2.388055076651702821e+07
4.825143316259783745e+09
3.028962124678066730e+09
3.584902171804680824e+09
7.213609857259369850e+09
3.515529463141745567e+09
6.350821061686920166e+09
7.090837186175136566e+09
7.363439084437000275e+09
7.174666398456885338e+09
4.955228435058916092e+09
8.313363162737552643e+09
5.284656160376280785e+09
8.447853405362365723e+09
1.153730199287013710e+08
9.985262754578182220e+09
7.717348037372047424e+09
5.970061589038547516e+09
9.385106575980737805e+07
5.702644993672161102e+09
1.287980696302753639e+10
1.092021138594336891e+10
1.410468666665333137e+07
3.464220454488374233e+09
1.870530495554611683e+09
1.247207775752186012e+10
4.560975278024308205e+09
4.079712158896165848e+09
1.586766054888259888e+10
1.503475400061684799e+10
5.132848765972026825e+09
6.888378157768896103e+09
8.698288470950931549e+09
7.031272704887793541e+09
8.972251381617877960e+09
8.036618114505968094e+09
1.167035718296949196e+10
2.079152893306263447e+09
9.979820881855903625e+09
1.398661636179136276e+10
1.260217663600379372e+10
1.457615881047539520e+10
1.213228361028288078e+10
6.298071011553589821e+09
4.895437050007059097e+09
1.253515074822954088e+08
9.849460285563832521e+07
1.522928982093254626e+08
