8.776022376402681693e+06
1.041485028402545676e+07
7.541311756563039497e+06
1.028507935541146621e+07
1.176568095065086335e+07
9.250710519411375746e+06
1.000228788447508588e+07
1.542038048474832997e+07
1.012972684154626168e+07
1.284162906442802213e+07
8.780815571519762278e+06
1.132691040270462073e+07
8.949499455270631239e+06
9.674847284448185936e+06
9.939283231603207067e+06
9.511625599399076775e+06
1.217728692257628031e+07
7.561180504015764222e+06
8.504652855236200616e+06
8.621285368113324046e+06
8.340813297248867340e+06
8.770796591457467526e+06
1.048016439671517350e+07
1.267487510731515102e+07
6.725296427271805704e+06
9.502196657297832891e+06
1.276970499066597782e+07
1.594628710832050443e+07
7.250309977844488807e+06
1.507463912352372147e+07
1.400287138040378131e+07
6.879373500808910467e+06
1.047600542647483759e+07
1.052324146301781572e+07
9.550067862830538303e+06
1.616662210074589774e+07
1.004968168336185254e+07
6.448399569908089004e+06
1.049656287502540462e+07
1.249554246277445927e+07
8.171532402570566162e+06
1.153057094593969733e+07
8.866660466653583571e+06
1.113624000206620991e+07
1.315851980598458089e+07
1.491398876270307042e+07
9.523237717894073576e+06
1.315428746298469976e+07
7.099045062832134776e+06
1.390680910655878671e+07
1.004806409245336056e+07
8.829697960821909830e+06
1.217551695816206373e+07
1.276808652876803279e+07
1.476178468370259367e+07
8.412575390617633238e+06
1.083058416352146491e+07
1.444545129939487949e+07
9.554078151355482638e+06
1.247542188213179074e+07
1.072605256509998627e+07
1.461188242816919833e+07
1.178887583941631950e+07
1.006672973546041548e+07
1.051226515191491693e+07
9.091680890591092408e+06
1.701001691061445698e+07
8.596986632533209398e+06
2.094557487279145420e+07
1.073851616653567739e+07
7.038217898439160548e+06
8.710843577592875808e+06
1.333180079771660641e+07
9.997715943119425327e+06
1.785476716702275351e+07
1.253923116779798828e+07
1.088177211055307463e+07
3.920796276746147871e+07
1.814058582625145093e+07
2.222258469256628677e+07
1.617732969970139302e+07
3.477025404122139513e+07
2.403020088607942685e+07
2.372022628962514922e+07
2.381374055879092216e+07
2.095651189248044044e+07
2.089206203356320038e+07
2.889944379981191456e+07
1.806123583868599311e+07
2.005036226318745688e+07
2.788728019066997617e+07
1.892716256968766451e+07
4.735542638508673012e+07
4.233800403045530617e+07
2.733506287370166183e+07
2.943373667866991460e+07
2.615796978765852749e+07
3.022268577061185241e+07
2.989400382236808538e+07
3.074470602011762187e+07
1.968284059414291382e+07
7.163954268610934913e+07
6.446004166894035041e+07
7.268023204243791103e+07
7.558327424132016301e+07
1.000500283709911555e+08
7.118605475323283672e+07
1.955628251787525415e+07
5.064265704410161823e+07
8.188864747598266602e+07
6.582755768178469688e+07
4.784267592293994874e+07
1.000262921366210729e+08
9.250815330970431864e+07
9.017672270962835848e+07
1.546324292312366664e+08
1.281320389199968576e+08
1.771281877068116963e+08
2.041107349962828457e+08
9.593394986696885526e+07
1.292179278430285901e+08
1.081121544195442349e+08
1.355174091465391517e+08
2.735930808385154605e+08
2.197689817095561326e+08
2.412146121110213995e+08
3.595053270127872825e+08
5.531411342798013687e+08
7.870153035662033558e+08
1.462137740996698141e+08
4.128876006028460264e+08
4.171756997829282880e+08
5.285678977537167072e+08
1.847202600792396545e+09
1.282580269829192460e+08
1.499173654885833740e+09
5.383890261099584103e+08
3.039066849613561153e+09
4.816664319224674225e+09
2.673465931334579289e+08
2.710117531184331417e+09
8.842053596915791035e+08
4.375982480061792374e+09
2.588485109243962765e+09
4.018587209453003883e+09
5.315795949607774734e+09
1.208195007102562666e+09
4.153677837502889156e+09
8.841952481374671936e+09
4.423695099725338936e+09
4.475974024250070572e+09
8.306964104727802277e+09
1.078398147269114304e+10
9.919916045265882492e+09
4.224740496189836025e+09
9.553682427212612152e+09
1.854958823766849136e+10
1.577612607245812988e+10
8.925013832157764435e+09
1.212545895648860550e+10
1.593984558630146217e+10
1.668188689483850479e+10
2.042500876872757721e+10
2.974861263834720230e+10
2.236419820838736343e+10
1.718249019309490204e+10
2.085461142112186432e+10
2.848781776086969376e+10
1.890730450980720520e+10
2.225642848423525620e+10
2.835799822690111923e+10
3.535440702758760834e+10
1.162024720345594597e+10
1.329620163326008606e+10
1.531743010509742165e+10
1.730895540030558777e+10
1.568113832672430420e+10
3.197441932078519821e+10
1.719248980045186996e+10
1.318712393670895004e+10
1.646140140090394783e+10
3.663331830550197601e+10
1.613124987012734604e+10
2.713995566576887894e+10
1.301342444365015984e+10
1.112757962416363335e+10
1.842198153535637665e+10
1.855012527391820526e+10
8.528581965134787560e+09
1.543785675896481705e+10
1.564130624153828812e+10
1.499752631826538849e+10
1.257493154987466431e+10
1.033467609167376328e+10
1.572065652090396881e+10
1.644316512809066391e+10
1.539292357070922470e+10
1.099994001298791885e+10
1.198029336233234787e+10
1.340766594399190140e+10
9.151883992726057053e+09
1.216345946352262878e+10
1.368676748375343132e+10
1.186016125700806999e+10
1.119641013220048523e+10
1.118075682635869598e+10
1.413155071590521812e+10
1.203074237416807175e+10
1.266885713545195007e+10
1.261844221122825813e+10
2.247314135538751984e+10
1.312761073466637802e+10
1.327294635074384117e+10
9.196769747973510742e+09
1.389435649652738953e+10
1.183465707815817642e+10
6.793841510280905724e+09
1.260009861032632065e+10
1.243375090420541000e+10
1.158936548246427536e+10
1.361957781038273430e+10
1.279522807836991692e+10
1.179220596650671768e+10
1.305019654300518608e+10
1.149710050245526314e+10
1.089791427494956398e+10
1.215002662631245422e+10
1.003267090220595551e+10
1.223269946637290192e+10
1.007459051364485359e+10
4.340255834997367859e+09
8.085786806744442940e+09
9.880865768372175217e+09
1.170919323654097366e+10
6.857262602203469276e+09
9.216594152011915207e+09
8.897789425633306503e+09
3.679658527942003310e+07
1.637560090840954892e+07
2.655335725994815677e+07
4.276319457816592604e+07
6.243397550270544052e+09
2.726725861353337765e+09
8.768673117965652466e+09
7.367030498870237350e+09
4.595538232394018173e+09
6.385726993741442680e+09
9.428019902261711121e+09
7.967626435795543671e+09
2.428015029273289442e+07
1.070941373911791039e+10
9.531497263297269821e+09
9.076481458199413300e+09
2.688475333232573032e+09
9.517367842423284531e+09
9.255425905215986252e+09
2.836601815466243625e+08
7.455869935266548157e+09
7.900864490871638298e+09
1.660097487957805991e+08
9.342877970929174423e+09
5.519465111945248604e+09
7.243354845651759148e+09
1.522569763363098860e+09
8.224199742967777252e+09
7.755359876905638695e+09
3.378487260271472931e+08
3.378487260271472931e+08
2.534130051189106405e+08
7.862236363196969986e+09
5.722583429552972794e+09
9.476829482277694702e+09
4.894794771578544617e+09
8.689355104783929825e+09
2.965446383101453304e+09
2.311750733181049302e+07
1.084538520697596741e+10
2.702347372975231647e+09
4.894119222388027191e+09
5.251633953211301804e+09
2.850000957389628291e+08
1.948774672540219307e+09
7.935085498966468811e+09
4.111225976719624043e+09
3.992013572288787365e+09
3.990438216081001759e+09
1.012918343365291786e+10
7.629263872672983170e+09
7.564286450025191307e+08
7.658879346947017670e+09
9.054726206113805771e+09
5.528660121071378708e+09
4.950653044561191559e+09
5.477207069466622919e+07
5.214536788012809753e+09
1.236213164570707530e+08
8.657395008734443665e+09
7.870623345287852287e+09
5.214536788012809753e+09
6.946007495008533478e+09
6.895555502228267670e+09
1.009984005105758476e+10
9.427496247896558762e+09
4.319153161316259503e+08
1.084589051757821274e+10
3.737579176276246548e+09
8.323395234366168976e+09
5.540623583356841087e+09
9.041805791191493988e+09
6.607648285081040382e+09
8.134665641268538475e+09
9.511020721557275772e+09
8.217122431982198715e+09
6.307559631754471779e+09
5.830430400476881981e+09
3.659879504899553776e+09
1.041595932640275192e+10
2.116175889310854435e+09
6.914450960687205315e+09
4.434400107290322304e+09
5.441336222439362526e+09
4.791279613356441498e+09
9.958846825090665817e+09
4.697931096658988953e+09
9.675165406560535431e+09
9.292133487083763123e+09
5.327484367113445282e+09
1.379596310803132355e+08
2.501096794198217392e+09
6.709668403932263374e+09
9.002826568181854248e+09
8.903728443832836151e+09
3.832420915915516853e+09
9.935621089827528000e+09
1.001534838932093048e+10
7.680200671383918762e+09
6.160370852848597527e+09
6.746936943529726982e+09
4.169487264770791054e+09
6.738884658372271538e+09
5.703746126506308556e+09
8.964727036650083542e+09
6.835457357429733872e+07
3.116224132317695767e+07
8.278286870725754738e+09
2.507274538375043869e+09
1.031661931144829369e+10
9.388502323500768661e+09
3.334011100170390680e+07
5.403810009858680725e+09
6.355606882734836578e+09
5.569377821691235542e+09
2.343052404002789497e+09
1.790870552020294219e+07
6.595720975032234192e+07
4.476777444232488632e+09
9.848069289978714287e+07
2.795249517437651753e+07
4.763079231033147812e+09
1.984917663947046921e+07
1.168151758354718781e+10
1.900989578199471533e+08
1.127251136030505562e+10
2.710046683808767423e+07
8.369478971865446091e+09
2.116820588105127513e+08
5.427827479386612892e+09
3.357191400981703401e+08
5.248249683273727298e+08
2.505891154430763125e+08
6.448906794069598198e+09
6.102557481939398766e+09
1.456838907359406710e+09
3.112532677936582088e+09
8.154864209483442307e+09
6.759522757243858337e+09
1.169001816084206009e+10
5.132669701402232170e+09
1.479272861624429703e+09
1.479272861624429703e+09
6.990938413516703606e+09
5.808775035321016312e+09
5.934382861871970177e+09
7.218665436070446670e+07
5.401613899529627800e+09
2.995283273987207562e+07
3.989151313699073792e+09
1.093152922569281960e+10
7.050640712088196754e+09
8.897933337813808441e+09
8.426895238536408424e+09
7.679936161326448441e+09
7.794724708523062706e+09
3.554019180914299011e+09
5.831844322977684021e+09
9.857152029572017670e+09
6.694801130705159187e+09
7.631655969647530556e+09
3.554844489933419824e+08
4.362855312750433087e+08
