9.065739237251725048e+06
8.227071894809305668e+06
7.676033947141128592e+06
9.559071015614556149e+06
1.107160600645962730e+07
9.167556013545995578e+06
7.583012296607511118e+06
1.002613269676828198e+07
8.453714846410121769e+06
8.094937317140767351e+06
9.935696340087635443e+06
8.854004524219781160e+06
1.748467899019974470e+07
8.568145031242780387e+06
1.145346885816667043e+07
7.924217294810676016e+06
9.314673317128906026e+06
7.605584282102545723e+06
9.787563186651526019e+06
1.176264282299262285e+07
8.263126657347329892e+06
1.355516208706548437e+07
9.799381016284277663e+06
7.896333276321175508e+06
1.180580377401350811e+07
1.468536126262317970e+07
1.162963964598518983e+07
1.288497999599553086e+07
1.107945043082375824e+07
1.020364385636716336e+07
1.283611146683515050e+07
1.242470794863471016e+07
8.287242784295272082e+06
1.026894107629178464e+07
8.331273101520377211e+06
1.066169528837896511e+07
1.095383110298162885e+07
8.483664246990941465e+06
1.117588613987276331e+07
1.308785604191751592e+07
1.005077303073620796e+07
8.827669602136181667e+06
1.160312953094808199e+07
1.162820902586040646e+07
7.858034030240886845e+06
1.164443339570445009e+07
9.342672850700369105e+06
9.192489447540557012e+06
1.206490710418889113e+07
8.666973072284949943e+06
8.184371259036275558e+06
9.149886267960183322e+06
7.612735968747449107e+06
9.662429537445720285e+06
9.485432985599173233e+06
1.372013671641413495e+07
1.013519699544983171e+07
8.675767962216641754e+06
1.647713279229429364e+07
8.241400797762089409e+06
1.655470544144399650e+07
8.104638269738649018e+06
1.068761888274781220e+07
1.170880637192632444e+07
9.149871272794153541e+06
8.654316372916284949e+06
1.285268507095183060e+07
1.096916986978241242e+07
7.484664517859386280e+06
6.922514343092352152e+06
1.292735402011227049e+07
7.695478489544883370e+06
1.037435545206458494e+07
8.393369534856531769e+06
1.028903071359713189e+07
9.418436537954775617e+06
7.388310783014771529e+06
9.708821089609077200e+06
5.980899927898788825e+06
1.081651272151282802e+07
1.522847988807425648e+07
1.110661947431343794e+07
5.024438478974419646e+06
4.392693369248664007e+06
4.708909422885041684e+06
4.795638121216681786e+06
1.019250149377369508e+07
1.358193420854200609e+07
9.464494502430729568e+06
8.210905887082369067e+06
8.518163920464469120e+06
1.125029045654960722e+07
1.152672002951369993e+07
2.471274470177701116e+07
1.433693939182032086e+07
2.110309600325964019e+07
2.043008462528786808e+07
2.136001902059638128e+07
4.779921814312476516e+08
1.806922266512439847e+08
2.082741308329401255e+09
2.259979350968498230e+09
3.082565951928192616e+09
5.708050263113694191e+09
4.623348286639323235e+09
5.717683506359883308e+09
7.820044136625345230e+09
7.258886636535160065e+09
7.728729113468770981e+09
8.995526214338741302e+09
1.137053194070895767e+10
1.421104606469863319e+10
1.266596462788477707e+10
1.068112612677461243e+10
1.371022733674999428e+10
1.287812275831190300e+10
1.200803527709151459e+10
1.430007401074759865e+10
1.118357832826758385e+10
1.612990800497734070e+10
2.005137537303075409e+10
1.355093439128546715e+10
2.178301725478150177e+10
2.073979193468239594e+10
2.589098678264647293e+10
3.169588134989592361e+10
1.505938966806826591e+10
2.542333640204803467e+10
3.500787439343530273e+10
3.222472766103894424e+10
2.326198622078958130e+10
2.993903097597351074e+10
3.429887949794678879e+10
3.730367200808404541e+10
3.730887354068460083e+10
3.773198581355078888e+10
3.904604486668334198e+10
3.805646085642765045e+10
3.714306723338795471e+10
3.344138185814210510e+10
3.450016945801710510e+10
3.016596519163926697e+10
3.755592015721551514e+10
3.670893936395043945e+10
2.109463500108227921e+10
3.914362353433348083e+10
3.840550555819029999e+10
3.621299128027294159e+10
3.747985316636309052e+10
3.162306150577886581e+10
3.658493776805376434e+10
3.973488164838789368e+10
3.900641065617839813e+10
4.026397227419650269e+10
3.964202191751666260e+10
4.164185874746786499e+10
4.001369696455531311e+10
4.028283248795677948e+10
4.091349704869327545e+10
3.842740217899443054e+10
4.099418566051802063e+10
3.634652523605380249e+10
3.874864385378335571e+10
4.132322659456990051e+10
3.945458504137773895e+10
3.885309936313197327e+10
3.984046118069792938e+10
3.807462362006069183e+10
3.903557395196862030e+10
3.938931854835564423e+10
4.108148213870803833e+10
4.101715138021900177e+10
3.719831099463977051e+10
3.745820448884898376e+10
3.994069672517256927e+10
3.978980125002278900e+10
3.393640327962596512e+10
3.957165355317032623e+10
4.100309929670922852e+10
3.965163504630940247e+10
4.001179176145773315e+10
4.130615909277063751e+10
4.066230801010411835e+10
4.001616191471479034e+10
4.121002278404827118e+10
3.922905834224511719e+10
3.933322815181481934e+10
4.021584428116737366e+10
4.095328868331732178e+10
4.063161390995746613e+10
3.970778091255057526e+10
4.126116870718654633e+10
4.144941724791703796e+10
3.959213547472881317e+10
3.962689628488639069e+10
3.626675363805545807e+10
4.086933566580883026e+10
4.067860287924395752e+10
3.877636428974456787e+10
3.979471317368881989e+10
4.132465842133599091e+10
4.095328868331732178e+10
4.132465842133599091e+10
4.071939594463834381e+10
3.991341923245407867e+10
3.877636428974456787e+10
3.695670652953302765e+10
3.286532556774358749e+10
3.286532556774358749e+10
3.962689628488639069e+10
3.695670652953302765e+10
3.935892362270780182e+10
3.695670652953302765e+10
3.286532556774358749e+10
4.132465842133599091e+10
