1.062680265846721455e+07
1.355076940978171863e+07
9.815216044423744082e+06
1.062742013193288818e+07
1.119342922679389641e+07
9.892490308054324239e+06
1.224807406171824224e+07
1.102885481469747983e+07
8.094659565280730836e+06
1.247893164923541993e+07
1.574433623840004392e+07
1.303073261954351701e+07
9.937393048000786453e+06
1.007759332545495778e+07
1.038076414205242880e+07
9.305035664499428123e+06
1.803471725414879993e+07
1.426671490465762839e+07
8.283812244173414074e+06
8.325603571303957142e+06
1.118272574349752255e+07
9.108261829860717058e+06
1.721552046863834187e+07
9.208500726643374190e+06
1.183309369896414317e+07
8.830745510475754738e+06
1.146509008628475666e+07
9.427512205143945292e+06
1.009546095954275876e+07
9.098851929944509640e+06
1.230471863565882854e+07
8.250996858756458387e+06
9.175056342468196526e+06
1.082701886433123052e+07
8.963433898100784048e+06
1.102314802137745172e+07
7.931117137589253485e+06
8.941243308899251744e+06
8.454545767980292439e+06
1.428064237495057844e+07
1.495181118950008973e+07
1.030998823025994189e+07
1.334588281613512151e+07
1.236914696315617487e+07
1.382040785196977481e+07
1.870307293378410488e+07
1.017991756442561001e+07
1.076744810344067030e+07
1.207414322793877125e+07
2.202687899062627926e+07
1.080084759118414670e+07
1.610789738873158209e+07
6.510276566423280165e+06
1.103189929954349063e+07
7.923382217194300145e+06
1.963094197269669920e+07
1.183388489858443849e+07
1.237388107713025622e+07
1.090971408148426563e+07
1.313362294294584543e+07
1.086022860921252333e+07
1.577824875700079836e+07
1.145147520634892397e+07
1.266721920956170373e+07
1.438199802263778076e+07
1.333948103135490417e+07
9.935861977268958464e+06
3.325894973609795421e+07
1.078050602300203778e+07
1.723267465513641015e+07
1.335410400034204312e+07
1.246333302706841566e+07
1.154105130684574507e+07
1.024648690587965958e+07
1.068526420511185192e+07
1.950267244253346324e+07
2.068574170127809793e+07
1.134785639073827304e+07
1.124059299419553578e+07
2.034127684067200124e+07
2.355102208652167395e+07
1.797986805045009777e+07
2.925390764640920237e+07
1.333367145786396414e+07
4.112207385917594284e+07
1.535875797609340586e+07
2.609224692628317699e+07
1.605212504121262766e+07
2.611634431054616719e+07
1.207039543357078731e+07
1.881797356879655644e+07
1.924382310200417787e+07
1.592812503254086711e+07
2.665983128043091670e+07
2.414943174991243705e+07
2.652699669958416000e+07
2.249304497119771689e+07
1.674164137375384942e+07
2.081766105388700590e+07
1.344438353408390470e+07
4.680676609167896211e+07
2.106601757694746926e+07
2.074409720574792847e+07
3.839021100692344457e+07
1.061148528088051081e+07
7.171313690123309195e+07
3.893644229469899088e+07
2.985910304804299772e+07
2.428057931825151667e+07
1.878864362594422325e+07
3.504445958190644532e+07
3.809876773714276403e+07
3.062822680626972392e+07
4.047446625311530381e+07
4.174236717711838335e+07
5.346469760648860782e+07
4.324659762756837159e+07
5.611210688808219880e+07
3.116528691428397223e+07
5.157640075441563874e+07
5.029981064596950263e+07
7.828679006772422791e+07
4.524006568085292727e+07
6.965178791407020390e+07
7.804844908662715554e+07
1.506477666498785913e+08
7.309453894162645936e+07
5.836366886986166984e+07
6.349997481856108457e+07
1.170644778675756603e+08
1.179530129848632663e+08
6.859940362412022054e+07
1.066494889803242981e+08
2.003764129885291457e+08
1.236582445118313283e+08
1.096602034643650800e+08
1.003914056668961048e+08
2.443977582943641543e+08
1.522333834650551975e+08
3.258923948959755898e+08
3.859000264181927443e+08
3.763875814020339847e+08
8.296100545471003056e+08
2.297964731952366233e+08
3.266757016962751746e+08
8.501219389012109041e+08
9.325907124292379618e+08
1.204505615509151459e+09
2.225597494408928156e+08
5.739524908105322123e+08
9.185531993662858009e+08
1.765513470654766321e+09
1.047207862546463132e+09
1.519091813480832577e+09
1.158728619681925774e+09
1.562984949289822817e+09
2.362917395850729465e+09
3.523834414909165859e+09
2.803712704066658020e+09
2.324579760227143168e+08
1.440278658327515602e+09
1.187779917122712851e+09
3.514286200279281139e+09
3.323137890128097057e+09
2.132243264489002466e+09
4.850276363525861740e+09
3.624138379618612289e+09
3.986416827194287777e+09
4.206213227766699314e+09
1.336796982945142508e+09
8.104738182946615219e+09
4.233810505696260929e+09
1.287385209994995780e+07
2.756562783166607857e+09
5.580873970258319855e+09
3.891862619080578327e+09
4.111476076349288940e+09
4.070614839099904060e+09
1.248902913171094131e+10
3.498687214623280525e+09
1.153111076838352966e+10
2.894801023095687866e+09
5.932492289140189171e+09
1.012870151533485794e+10
1.754716567865384674e+10
6.424232030165635109e+09
1.006362279157743454e+10
3.516189988038305640e+08
9.611242952652904510e+09
1.709964162937919044e+10
1.227490240138260269e+10
1.471755380674354172e+10
1.449880570221411896e+10
1.988350057220072937e+10
1.228236335725040817e+10
1.957062442241085052e+10
3.039414990504466248e+10
1.299777537810660744e+10
1.900030340202315521e+10
1.417964991090714455e+10
2.659133574417901230e+10
1.689857954793408203e+10
6.054794113144007683e+09
1.313261791287821579e+10
1.342783527170619392e+10
2.778159998222455978e+10
1.102907703339901161e+10
1.682445080907769775e+10
1.081511979971294785e+10
1.791743342233340073e+10
2.232371850326855087e+10
1.489323132798782349e+10
2.052609973594242859e+10
1.558228738169693947e+10
1.914753448601683807e+10
1.352714812085388374e+10
2.157569164326290512e+10
2.001889388124236679e+10
1.765180622365025711e+10
1.503001624906931496e+10
3.412974435196166992e+10
1.969466988436016846e+10
3.157547144676786041e+10
1.706318468503005028e+10
2.289453485393255997e+10
2.671582232509324646e+10
1.487473254040626526e+10
1.411663085462230110e+10
1.750533170525259399e+10
1.552631081647281647e+10
1.364422625460397530e+10
1.547432042136120033e+10
1.316328055229113388e+10
1.350343693504277992e+10
1.402654593747417831e+10
1.510727353278832626e+10
9.637624661035369873e+09
1.121331320775758553e+10
1.448397815916645432e+10
7.389601360542457581e+09
1.160858766656299400e+10
9.266571830259510040e+09
8.885313602208791733e+09
1.067989426561677361e+10
1.166772806140651703e+10
1.083165553923373413e+10
1.062038178319954109e+10
1.023397556633401871e+10
5.995129510233286858e+09
1.406200973775617027e+10
1.295225258138693619e+10
9.294080066784957886e+09
1.445337402052945900e+10
5.175761020114502907e+09
1.207710241019198608e+10
8.122277787294081688e+09
1.247400412662467194e+10
1.272172395864413261e+10
1.358442907100006485e+10
3.107726900627453327e+09
1.431933483158077240e+10
1.164673544033904266e+10
1.106637829726325989e+10
1.196725732527623367e+10
8.694929671319692612e+09
1.276641179589241028e+10
1.244293632043146706e+10
3.066352225385444641e+09
1.378401637486069679e+10
3.405939524434633255e+09
1.275348712579837036e+10
9.564755720731374741e+09
1.260507102489844131e+10
9.731302773329584122e+09
2.099882592464462757e+09
8.902431567453273773e+09
8.051604007460270882e+09
1.181171527915118694e+09
3.657763857646602154e+09
1.351570257887234926e+09
4.309243079068899155e+09
3.124779668134874701e+08
1.950612290713280678e+09
1.922324170393781364e+08
7.021985743428529799e+07
1.058830864763456434e+08
1.048080833856088758e+09
6.424931669349330902e+09
7.207944285216402054e+09
2.213358172490275383e+09
2.068618503736641109e+08
1.180868245878141820e+08
7.130033237228126824e+07
1.029369803142863870e+09
8.016767402032685280e+07
1.015078242796085179e+08
1.042049940690012127e+08
1.241128923037939072e+08
1.203173885411348194e+08
3.607056919512023449e+09
3.130244249464951038e+09
1.862638045246327162e+09
1.487138887668499351e+08
1.260374735233093947e+08
4.997336706917261124e+09
2.463797450631597340e+08
1.931483545174828172e+08
1.625466928738402016e+07
6.828766975158255577e+09
3.072446954218720913e+09
1.871260355081225932e+08
5.915851933685400337e+07
8.405249188378199935e+07
5.852610230744372368e+09
3.764971840207958221e+09
2.417727265542129874e+08
1.737002771626454294e+08
2.067256266138194501e+08
3.565576171531948090e+09
3.122120037356945276e+08
6.272725262478822708e+09
2.031335216658383012e+08
9.236201076337076724e+07
6.966357701936905861e+09
1.050632763972296268e+08
1.784808579175288975e+08
3.373924196151872277e+08
5.307564222911412716e+08
6.751875200415576994e+07
4.837256741227730364e+07
1.457353732631619930e+09
3.060644750657115459e+09
1.501551496216367781e+08
2.841102425959290028e+09
3.875708449073737144e+09
5.412874250644467771e+07
5.233890247972310066e+09
4.993252553986393929e+09
2.984085407854385853e+09
4.425055075321128845e+09
1.059632663819924146e+08
1.644424871527187526e+08
5.494373581517124176e+07
1.422722429416461706e+09
2.778450315364543200e+08
4.405484785037142783e+07
4.718309232392151654e+07
3.548994945431803226e+09
6.781751610897701263e+09
4.613183449323120713e+07
8.787786009024627507e+07
5.106025166005076468e+07
2.931094314893733025e+09
4.588004379623357207e+07
4.895858992633505166e+07
2.825451136449853897e+09
1.381079304769284725e+09
2.486298911217762232e+08
4.862506302441280335e+07
3.409160107848693728e+08
1.046206801173924953e+08
8.423016177920322418e+08
1.205584305414676666e+09
4.285777747341261506e+08
5.690262356297278404e+08
2.324307570962713718e+09
4.286625050507727861e+08
1.820603815960797071e+09
5.296105984827816010e+09
5.803381601249912381e+07
1.693781846793220937e+08
2.575350569874235988e+08
5.945517436550279617e+09
5.167970358568782359e+07
2.528328881345184445e+08
1.244299017973873317e+08
1.297843726876507998e+09
4.484684491314410210e+09
1.812888348603840828e+09
6.253976367161032557e+07
1.044717823644920588e+08
1.044717823644920588e+08
2.542385230619857311e+09
1.405887774911755025e+08
1.276636940467438549e+08
1.571233045610345304e+08
5.504361901587110013e+07
2.447225721677124977e+09
3.713455347868034840e+08
2.920423826393194199e+09
3.323813535641189814e+08
1.752348314882816076e+08
9.219232617538524866e+08
6.908823006829786301e+07
1.670770206072145104e+08
1.025540103548303097e+08
6.210175143224434853e+09
1.127987174098507315e+08
7.301098156259803474e+07
3.865265884432137012e+09
