7.758453826572272927e+06
1.165297689098862931e+07
6.869484971139946952e+06
1.131097353784419969e+07
1.309391776301792637e+07
1.074803850308781490e+07
9.544156309090379626e+06
1.158284847586045228e+07
8.419800773063441738e+06
1.058115122519877180e+07
1.292943338206527941e+07
8.895014613483592868e+06
8.460850403150327504e+06
7.457521450199874118e+06
9.909221876245899126e+06
1.085093378673950769e+07
1.485767069736167975e+07
7.114930710245122202e+06
1.020209777966916375e+07
1.090848341880838573e+07
7.240088890404107980e+06
8.962281533349214122e+06
1.167476151449044235e+07
8.398915525891294703e+06
1.154241210289605893e+07
1.020832321329522692e+07
9.324538046977026388e+06
8.858770903857324272e+06
8.646020803460828960e+06
7.644191897544967011e+06
1.126819802414593846e+07
1.088464435297092237e+07
1.161098680455093831e+07
8.634823614439908415e+06
8.509510248102381825e+06
8.470155635664511472e+06
1.228659265375152230e+07
1.193495093982821517e+07
1.221162136659516394e+07
1.054601686107263155e+07
8.425001766938982531e+06
1.060085860844654962e+07
9.784145795449845493e+06
1.505769056840392575e+07
9.298495315880952403e+06
1.351858855585584976e+07
7.240741262466941029e+06
9.203728043592972681e+06
9.075360339591844007e+06
9.430770180318875238e+06
1.214523696788068116e+07
1.015177012436180189e+07
6.782740537129314616e+06
1.279073073011225834e+07
9.233596099144274369e+06
8.914418155622724444e+06
8.102323082359845750e+06
8.621267606538012624e+06
1.229949492147666588e+07
1.043513481262195297e+07
1.003097138439073786e+07
1.097767273417809047e+07
8.001631296983190812e+06
9.816407221122084185e+06
9.929150636911647394e+06
1.141692380460648984e+07
7.703114321017242037e+06
9.019646341985810548e+06
7.597995534493790008e+06
1.198307487870906293e+07
9.606072354657286778e+06
8.573450340940492228e+06
6.963011953992920928e+06
1.018366454893896729e+07
8.503015407066227868e+06
1.108163738669309579e+07
1.164213343676822446e+07
7.635708993132407777e+06
9.005868775285953656e+06
8.311681198134969920e+06
1.028901588900761679e+07
9.248507973615143448e+06
4.241311467605658807e+06
3.807853830874335486e+06
5.213273756530534476e+06
4.213600855733660050e+06
9.246750488731704652e+06
7.022359722756268457e+06
8.838812777226291597e+06
9.186733309854496270e+06
1.907643344628858566e+07
1.017648141722993739e+07
8.979982979419743642e+06
1.626932019538147002e+07
1.527589108048007078e+07
1.899537758200279623e+07
2.619053773663229644e+08
1.660179070976593792e+08
3.502675510840735912e+09
1.507539973612675667e+09
4.208878930470334530e+09
4.888926592241827011e+09
6.568044317033097267e+09
3.680420854213485122e+08
6.778135717876312256e+09
9.258958215544990540e+09
7.808066178016545296e+09
8.030940008960440636e+09
1.035759482562619209e+10
1.060039499531564331e+10
9.777482733826341629e+09
9.926111948961557388e+09
1.034548452228489685e+10
1.068341838590465927e+10
1.147798056989730835e+10
1.610602690506261826e+10
1.583212728178617668e+10
1.035106661019961357e+10
1.455644030339553833e+10
1.600184386105280304e+10
1.824390796178067398e+10
2.456376972771979141e+10
2.118485517440760422e+10
2.293246479043098450e+10
3.042468946048952484e+10
3.798158668972324371e+10
2.659419023950407791e+10
3.641577493836071777e+10
3.893800506118924713e+10
3.157403036244692993e+10
3.735321668921927643e+10
1.685807582549680519e+10
3.769192816384897614e+10
3.194601086367452621e+10
3.627483392439198303e+10
3.568950238365876770e+10
1.721830674344480896e+10
2.356978561890355301e+10
2.728324467881398392e+10
3.492486425179751587e+10
1.958300009594321823e+10
3.609893874600864410e+10
3.529907790213877106e+10
3.913556501424481201e+10
4.013073014631819153e+10
3.323192653980888367e+10
3.147829826544058609e+10
3.483493306743128204e+10
3.186647303973952866e+10
3.642513882374967957e+10
2.827989475971275330e+10
2.940878665346209717e+10
2.978134734709090042e+10
3.224010733975994110e+10
2.085344428689564133e+10
3.625804289976498413e+10
3.591162747177509308e+10
3.612284024454673004e+10
3.591110680886580658e+10
4.057838813713775635e+10
3.910054037417489624e+10
3.271852495570008850e+10
3.599028743349372864e+10
3.116915671720930862e+10
3.335151387851357269e+10
3.318381035215870285e+10
4.039270261262187195e+10
3.866894141865280151e+10
3.960597239534667969e+10
2.957951126976372528e+10
3.906963203599963379e+10
3.760818810218061829e+10
3.971189396466532135e+10
3.577904914623340607e+10
4.025489847449517822e+10
3.937231612584673309e+10
3.811196633026051331e+10
4.024414233390318298e+10
3.309265347649340820e+10
3.799112719941049194e+10
3.446024354475325012e+10
3.752477258839866638e+10
3.964464016856065369e+10
3.877057421702222443e+10
3.726380306848022461e+10
4.040515087271575165e+10
4.040515087271575165e+10
3.905638997214842224e+10
4.040515087271575165e+10
4.040515087271575165e+10
3.698967888729817200e+10
4.078587305813638306e+10
3.919681839264038849e+10
3.858862210726829529e+10
3.270187783758565140e+10
4.040515087271575165e+10
3.495866955629466248e+10
3.858862210726829529e+10
3.942021166242712402e+10
3.826916601581399536e+10
4.053138544326029205e+10
3.844465790547348022e+10
3.163156774529476166e+10
3.352046332620409393e+10
3.844465790547348022e+10
3.844465790547348022e+10
3.844465790547348022e+10
3.650220153192821503e+10
3.670261640139415741e+10
3.728384595722633362e+10
3.858862210726829529e+10
3.811895916175589752e+10
4.019864791357173920e+10
3.579952163651914978e+10
4.019864791357173920e+10
3.668194762459082794e+10
4.019864791357173920e+10
3.579952163651914978e+10
4.019864791357173920e+10
3.818542605257958984e+10
4.019864791357173920e+10
3.389635389879589081e+10
3.858862210726829529e+10
3.389635389879589081e+10
3.006995539845767212e+10
3.655273481413175201e+10
3.389635389879589081e+10
3.668194762459082794e+10
4.019864791357173920e+10
3.668194762459082794e+10
3.858862210726829529e+10
3.668194762459082794e+10
4.019864791357173920e+10
3.887977763529283142e+10
3.655273481413175201e+10
3.655273481413175201e+10
3.389635389879589081e+10
4.019864791357173920e+10
3.858862210726829529e+10
3.655273481413175201e+10
3.389635389879589081e+10
3.655273481413175201e+10
3.887977763529283142e+10
4.019864791357173920e+10
3.858862210726829529e+10
3.858862210726829529e+10
3.836999518105816650e+10
3.858862210726829529e+10
3.836999518105816650e+10
3.858862210726829529e+10
3.836999518105816650e+10
