6.345722307566990145e+06
7.347683251435337588e+06
8.175882241635513492e+06
1.201151006390267983e+07
1.044715166020387784e+07
8.923145100064950064e+06
7.552119932872151956e+06
1.041828597776714340e+07
6.803328269858016632e+06
1.024391241455673426e+07
6.854038242997046560e+06
9.340741684945374727e+06
1.400602280811822601e+07
8.110642651686483063e+06
8.001326368590702303e+06
7.819611834977652878e+06
1.031075635934310779e+07
6.052997150072454475e+06
7.749945315735148266e+06
7.684572666527830064e+06
8.084698317963311449e+06
1.308551401517255604e+07
9.128026327090907842e+06
1.044828499266847409e+07
9.743815703076830134e+06
1.090743011677260138e+07
1.009294329528551549e+07
7.111886831206833944e+06
1.032511182567953877e+07
1.240651050027615204e+07
9.634214788435805589e+06
1.168816900183584727e+07
1.346938130291213468e+07
1.283097252918628044e+07
1.341049234209033661e+07
2.007775504661204293e+07
9.664235368365349248e+06
9.727614100451707840e+06
1.702013555608114600e+07
1.466399441242649592e+07
1.753800018759740889e+07
2.221001761694251746e+07
1.672332293432813324e+07
1.237468343015765212e+07
1.434460789037248492e+07
2.307658746282159537e+07
1.437657245937861502e+07
1.531051340971416980e+07
1.627201604654609598e+07
1.130384977753435262e+07
1.311593771756683663e+07
1.641761003476699442e+07
2.265394072844686732e+07
2.298621757868161052e+07
2.528684039977829158e+07
2.345511342735432461e+07
2.831835830049255118e+07
1.992095479748856649e+07
2.836646736161131412e+07
2.005979284467257559e+07
1.940773043469552323e+07
1.637596610947601683e+07
1.355699654963111505e+07
2.954305249228173494e+07
3.759279133953753114e+07
4.005325829024874419e+07
3.027819226566068083e+07
3.733560214340070635e+07
5.010480745743709058e+07
2.984244143515636399e+07
2.988644589264549688e+07
3.596583935314524174e+07
3.510599280923387408e+07
3.850840387158148736e+07
5.216310092005255818e+07
7.805560030440416932e+07
3.145796199675787985e+07
2.868280888658951223e+07
2.715010814499308169e+07
3.892851545205377787e+07
2.233494428521925956e+07
2.113341592043757811e+07
5.590784734094910324e+07
2.918739922385403141e+07
2.828485590721448138e+07
3.230161399009370804e+07
1.840593398980681002e+08
1.028203608489806354e+08
5.452736241981942207e+07
3.953712326552301645e+07
3.286762926106642932e+07
3.915295241523785889e+07
2.811994989101246744e+07
2.851529935752649233e+07
5.249288943398819864e+07
8.544976235905422270e+07
3.671818385872209072e+07
8.756861591632483900e+07
6.777994567268583179e+07
4.488536329113600850e+08
2.631645118336091936e+08
1.192637864668281078e+09
8.963477031799558401e+08
1.465904777338983715e+08
1.161002111752475977e+09
3.815167703439527154e+08
7.268418105692005157e+08
1.133313748516099006e+08
3.576862168500076532e+08
8.088825801864103973e+07
3.100780058323388577e+09
9.627707484562066197e+07
5.540361962444889545e+07
4.506206682416488647e+09
2.445760028284373283e+09
2.556854018930830479e+09
6.777349407071442902e+07
6.566624084572409093e+07
1.316534333371095955e+08
3.526142106060817719e+09
6.313503960520584881e+07
1.047001560725261122e+08
2.100658787919960171e+07
5.213440264568755031e+07
6.738563054071690142e+07
2.492640210242062807e+07
4.838736302884233594e+08
1.808149917106974125e+09
9.302398949716291428e+08
1.361675114444174051e+09
5.592855967706884146e+08
3.586609709612621784e+09
5.395946815547459573e+07
2.196723221373118758e+08
2.189588020333959579e+09
5.195220584435005784e+08
1.373360837597168922e+09
9.025143487721805573e+08
2.326797434678211212e+09
1.207658248239197493e+09
5.517714369243381917e+07
5.678197732535897940e+07
1.036021315517651916e+09
5.451307350028156489e+07
1.070173627408593655e+09
2.675720548264692783e+09
4.263985726128752530e+07
3.403759158954962343e+07
1.238584460758439779e+09
6.039741229745575905e+09
2.320794772501406819e+07
3.658332992402922511e+08
4.492787286042140007e+09
2.658840740358434618e+07
3.045302231747371197e+09
1.021662334397342801e+09
5.161786464872567177e+09
3.655424477879172564e+07
6.739909266404238939e+08
1.427221387725518942e+08
4.634860813827353716e+07
2.712622861882368326e+08
5.914632976480165720e+08
6.015792212981577963e+07
1.777716994008276761e+08
6.968321330716043711e+07
5.326257574339474738e+07
7.456290250925903320e+08
6.848631286376481056e+08
3.150725858425363541e+09
6.068696567415721416e+08
1.718742411169430256e+09
5.563365605149278641e+08
5.793397668936105967e+08
7.718195933734096587e+07
2.253348181039761543e+09
4.340887437648366690e+08
1.070019889898283482e+09
1.033837894488543421e+08
4.742775960253274918e+09
5.104184533488793373e+09
1.282038392158420086e+08
7.082982817689262629e+08
1.917698209414570034e+08
5.124014848992372513e+09
3.108068217715668678e+08
6.970551262127314508e+07
4.478777951389616728e+07
5.143631686953557283e+07
6.575545005563492775e+08
1.172728377035883367e+08
5.440360309053716809e+07
2.026531202402932644e+09
3.898003847930061817e+08
1.776320688825500727e+09
1.803604820796659231e+09
4.966458247181802988e+07
5.529334781267580986e+09
2.312020675328469753e+09
4.346692623724079132e+09
