1.211633367769847251e+07
1.044293919284091517e+07
8.386816564173111692e+06
8.541841225883074105e+06
1.021827119413239509e+07
1.217773491477901116e+07
1.379548889526784047e+07
9.790224552129881456e+06
9.150200441170766950e+06
1.274960163354336470e+07
1.011702178226108663e+07
8.625622549620134756e+06
6.910359258759160526e+06
7.467748441434532404e+06
8.308164847395751625e+06
1.351812414024335705e+07
8.667356653032725677e+06
8.246980531129625626e+06
1.451825937833984382e+07
1.225580827928533778e+07
1.102459841969862953e+07
1.398091442934168503e+07
9.463071444383043796e+06
8.998194249302485958e+06
1.228747227423110791e+07
7.122941029046393931e+06
9.191859504244903103e+06
9.184281898271065205e+06
1.385522197636454180e+07
1.226599484819091298e+07
1.133648994996513054e+07
1.142544730553508177e+07
1.387056831018705294e+07
1.243302460679968819e+07
8.930619711663238704e+06
1.213868781805016287e+07
1.218779640093593113e+07
1.574731213447465561e+07
1.061439457033883035e+07
1.094564057635306381e+07
1.511775567476757988e+07
1.240542695107563771e+07
1.374709169775622524e+07
7.252596002230293117e+06
1.039946480790863000e+07
9.795715276512775570e+06
1.237335438562990539e+07
1.454699203670297004e+07
2.102698540734213591e+07
1.293468814531613328e+07
1.058750473959776014e+07
9.171479681672604755e+06
9.938191785920366645e+06
1.373134490925474279e+07
1.782820836181311682e+07
1.194808419818986394e+07
1.458066151770516858e+07
8.990194664263665676e+06
1.258319962307264097e+07
1.337982234296943620e+07
9.930364614606816322e+06
1.257380663778628223e+07
1.108327604000675306e+07
1.219367487419684418e+07
1.617195070672694594e+07
1.014608996624347381e+07
1.462552675194334425e+07
1.298860484164548852e+07
1.389511097903151065e+07
1.164209949548135884e+07
1.505726225475182012e+07
1.626125173494006135e+07
1.038138423556061275e+07
6.870656881201247685e+06
3.127942102451848611e+07
1.001764649603704177e+07
2.166169281516550481e+07
1.604840211423970014e+07
1.568427322298497707e+07
1.093760545637305640e+07
1.304258759887680039e+07
1.530783879254310019e+07
7.636389268366530538e+06
8.241349770598417148e+06
1.108908701317094825e+07
1.837099700414800271e+07
1.993913160114010423e+07
1.222268808569069579e+07
2.113782885731022060e+07
2.795553630967954919e+07
1.117996991260535643e+07
1.398651702831871621e+07
1.451786750573881716e+07
4.038438869129455090e+07
1.632127190800375491e+07
1.247825533991204575e+07
2.175431179219789803e+07
1.594348287591941841e+07
2.736808920933501050e+07
1.947450528165449947e+07
3.519055957323966920e+07
1.851266702333584428e+07
2.706165644728228822e+07
4.108237455673461407e+07
1.522809454101234302e+07
1.151691094362395629e+07
5.682200166346678883e+07
2.016651297813415900e+07
2.171207199891961366e+07
1.894219548491705582e+07
1.630361461863403581e+07
2.974340325831953064e+07
1.818678529661843553e+07
2.709675489193306118e+07
3.327158386984349042e+07
2.447134792344618589e+07
1.947644284037820995e+07
1.977382939421857521e+07
2.883477535540282354e+07
1.518387345537824556e+07
6.487708929646509886e+07
2.383749519095225260e+07
3.149223960448627919e+07
2.066594811252031103e+07
3.254918635466704145e+07
2.840858666765052825e+07
2.955223160731113330e+07
3.015842686161420122e+07
7.144938219092823565e+07
1.489934943342528678e+07
4.308031434396140277e+07
3.462407524080299586e+07
9.721845517157422006e+07
2.483040695594742149e+07
6.168847618433420360e+07
7.926947489960010350e+07
6.113619912528183311e+07
5.067146946607574821e+07
5.809014487291555852e+07
3.951540504143672436e+07
6.796647450663673878e+07
4.576474808612325788e+07
6.251439299840897322e+07
9.894519415675592422e+07
9.305348703513872623e+07
8.843087093291850388e+07
6.127698159337125719e+07
1.314970413079057783e+08
7.672952689909613132e+07
1.118177178342596143e+08
7.469945871282115579e+07
4.158489398228704184e+07
1.292543143705809116e+08
1.258701064971281290e+08
1.433757646173620224e+08
2.599807300003347993e+08
1.229558336813003123e+08
1.155618399656825811e+08
1.070666599229529649e+08
1.537567165042488575e+08
7.305125946232816577e+07
2.580934086029971540e+08
3.834304389893785715e+08
2.887483120829004049e+08
1.642184289880405366e+08
1.097594346633972228e+08
5.551494469641970396e+08
4.930569711530331373e+08
3.308116533693428636e+08
1.396342921294944882e+08
2.816083612375247478e+08
7.638884052785556316e+08
5.770353296115186214e+08
5.708046646981421709e+08
5.917849529439965487e+08
9.206648806879614592e+08
2.241733412096633613e+08
9.777420970102573633e+08
5.981428795977071524e+08
1.972342735481917143e+09
1.098158111669330835e+09
2.783019015969905853e+09
3.957178595910894394e+09
1.911043463615679026e+09
1.210309918802488327e+09
1.595063410196968079e+09
3.738535520996703148e+09
2.991921547655821323e+09
3.355569284780413151e+09
8.400483155221735239e+08
5.112041681216031075e+09
5.327503168240337372e+09
2.097931880122132063e+09
3.169568210999007702e+09
5.937981972318792343e+09
5.483087637587210655e+09
2.245401570857255459e+09
2.713109528749599934e+09
7.689392543125098228e+09
3.900290682371325970e+09
5.145515119109716415e+09
9.692042240470960617e+09
5.344557849767451286e+09
6.674328750282898903e+09
4.714277940343018532e+09
1.556223236236180496e+10
3.988255637117091179e+09
1.427290474489235401e+09
3.380235307839290619e+09
3.630633373371120453e+09
2.909609583185876369e+09
1.500447364097192585e+08
3.538946781083458900e+09
1.648514790823920727e+09
1.998885227741275549e+09
5.648685339027574062e+08
1.767433420082057714e+09
1.436650315586474419e+09
1.536452906723480701e+09
1.724060384923282385e+09
1.585859301186157703e+09
9.497473016449865103e+08
1.120347134903780937e+09
1.393281423159362078e+09
2.571577482647284508e+09
1.827992093690085888e+09
1.380074003892464399e+09
2.943548996197870255e+09
2.637993787416036606e+09
3.686337181469513893e+09
5.887156808878018379e+09
3.585587403298840523e+09
5.636567220609975815e+09
2.093089671089953661e+09
8.002405043578605652e+09
3.313682894559126854e+09
9.166259053680725098e+09
2.745547668710266113e+09
5.631085205760149002e+09
3.110648604505569935e+09
5.625587013049644470e+09
1.020102823898973846e+10
4.681114731256644249e+09
4.594935324903880119e+09
7.131871680125056267e+09
1.224901692369358444e+10
7.739133437947534561e+09
2.478955539170352936e+09
7.708424801239033699e+09
1.233852283283714676e+10
7.616627895318178177e+09
1.412947057001678848e+10
1.147958288391537857e+10
1.429723963937562180e+10
1.280107380408190536e+10
8.979853424756855011e+09
1.431192755903310966e+10
1.680864058585654020e+09
3.672808363016068935e+09
2.704642495989226818e+09
8.750358769860280991e+09
4.305596605911037445e+09
6.352266176569626808e+09
1.329444518217048836e+10
1.052238294095969200e+09
7.880302457135316849e+09
1.336377675826075554e+09
1.328838460868208170e+09
2.547904619555201054e+09
9.237810716609905660e+07
1.602866207363173103e+10
1.041679993966693878e+08
6.594354822534011602e+08
6.741064088200390339e+07
7.878915763726906478e+07
2.663029733441914558e+09
1.303809893473605156e+10
1.106203887706547081e+08
2.988894121369795799e+09
1.821846660425081253e+08
1.090641492024710029e+08
8.350603391569375992e+09
7.659262620343662798e+07
1.189437500325907946e+09
2.905305628836616039e+09
6.600743155031717300e+09
1.436207969470044971e+08
2.413338987068611979e+08
2.390224691255423546e+09
5.491848341977612495e+09
1.033503662696936131e+09
1.448403879008373916e+08
9.776587805840330124e+09
2.648342573835785687e+08
1.017742834959377199e+08
1.314607504938766509e+08
1.185354657883945405e+08
1.319155145086023510e+08
4.879378747293664932e+09
8.885505239373254776e+07
1.438696179770424664e+08
6.992998242279253006e+09
1.239193352728096724e+09
1.028785859918197095e+08
1.025758155675175339e+08
9.910678985996653140e+07
9.569128994870218635e+07
7.560223604738386154e+09
3.771392411641187072e+08
1.382994117510910332e+08
3.359123492795479774e+09
3.895266914494910717e+09
5.341655124652748108e+08
3.754149380057219505e+09
1.090711853100960255e+08
9.680226967257974625e+09
4.754689640484730721e+09
1.160274476830547601e+08
4.635407766982116103e+08
5.022230954362878799e+09
1.383401484293155670e+08
1.617976691807167232e+08
9.782931704714298248e+07
1.518670381631202698e+08
1.298623971260612458e+08
9.628964198034644127e+07
1.464639054645980000e+08
1.472459632573880005e+10
1.469419170746049881e+08
5.537277434747187614e+09
4.609660878237369061e+08
7.111429290904191017e+09
5.290971255614773750e+09
4.706313026311733246e+09
6.693050040972306579e+07
8.728138612034870684e+07
4.785174963050133705e+09
8.527072472548807144e+09
6.116901065649350882e+08
1.636191964082820117e+08
3.869259177044226170e+09
7.478198970537269592e+09
6.943772470877563953e+08
1.155737905038140297e+10
1.781020088491310596e+09
8.517973677465529442e+08
1.310717746494930983e+08
1.259926461869156837e+09
5.420520455439592153e+07
9.363975272759019852e+09
2.333018913588579178e+09
4.108712949925147533e+09
7.868395222823040009e+09
1.641331081456194222e+08
1.132517622428566366e+08
5.354676143864665985e+09
4.698523763058946609e+09
8.326754919144029617e+08
2.583345111804120541e+08
4.130153566298984289e+08
5.153727459357153893e+09
1.104779753095399141e+09
1.478226557470374346e+09
8.737059192468218505e+07
4.999781533868534088e+09
1.803941733078598738e+09
2.171772954617187977e+08
1.436103601763024032e+08
4.838692570867145538e+09
5.694889078909626603e+07
7.476281336768263817e+09
7.476281336768263817e+09
9.420663052438299179e+09
2.073405181652356148e+09
1.549913632608735561e+08
1.368767923423489332e+08
1.410672121191653311e+08
1.541945598833244145e+08
1.035601726016547585e+10
1.620183700313127279e+09
3.445654050165441036e+09
1.438306733790484071e+08
1.194073273503895402e+08
2.518407105527402759e+08
2.484316061711568236e+08
4.931956382006739616e+09
1.121038823340216726e+08
2.097995863047235608e+08
1.698252440184182405e+09
5.778613836145632714e+07
1.139624195268527412e+10
3.447863911979707718e+09
1.131539465103883445e+08
1.549080357637173533e+08
1.094411869951419830e+09
1.022708004524913579e+08
1.251278433288855851e+08
2.165706329682852268e+09
3.918137295695390701e+09
1.592257360988615453e+08
