9.491076897637682036e+06
7.844317355617110617e+06
7.504777841966321692e+06
8.241296998845827766e+06
6.590911890451138839e+06
8.223197095599831082e+06
1.032072482279350236e+07
7.943689474038698711e+06
1.101037221836775541e+07
8.595216925891311839e+06
7.745999767990732566e+06
1.262078826211729646e+07
8.949292714930959046e+06
1.063439822148410603e+07
7.774584772086529061e+06
8.509115367029611021e+06
9.032481884650405496e+06
8.893127582196077332e+06
1.280425171753623337e+07
9.647561232739999890e+06
1.387258165001183376e+07
1.008391328726556897e+07
1.418525188308177516e+07
1.226022788705254905e+07
6.148806285355898552e+06
1.258886064451667666e+07
1.172229989017613605e+07
8.818603702186720446e+06
1.080281576443760656e+07
1.152520296937117539e+07
1.366118413042500801e+07
1.532469161784501560e+07
1.346402312994935364e+07
1.309313526497555338e+07
2.656274437203574926e+07
1.489329100408853032e+07
1.024087241081105173e+07
1.968351122733227536e+07
1.098794530094947852e+07
1.124556823047378287e+07
1.463927430210267752e+07
1.716823753327500448e+07
1.447333674068252742e+07
1.030946365428458154e+07
3.476978401264554262e+07
1.470383606524222344e+07
1.571926450314173289e+07
2.473309152074155211e+07
2.295138897262357175e+07
2.382145377187263966e+07
1.819487801267901808e+07
1.617687083837118559e+07
1.794390586043709144e+07
1.582447849257109500e+07
1.391148337746981718e+07
1.813183887903026864e+07
2.347656420501893386e+07
4.560599396561958641e+07
1.777418442980992422e+07
3.677124912153181434e+07
2.129828850138872489e+07
2.799876516254342720e+07
2.746176934477393702e+07
2.101658161417545006e+07
4.333211381292255223e+07
3.044213611873159930e+07
1.835523575381331146e+07
2.041388163622460514e+07
2.731390322058726102e+07
2.250864478346322104e+07
1.520322220413414836e+08
3.674518329501686245e+07
8.670922835354910791e+07
4.670363345929414034e+07
3.239477090259290114e+07
3.922581822083879262e+07
3.257074863396507874e+07
1.009473615090029836e+08
7.522183957044711709e+07
2.390009945268453285e+07
1.464615860762454271e+08
4.363037324571348727e+07
3.170449242057889700e+07
5.691866628860325366e+07
5.462667182455146313e+07
3.693349881434956193e+07
2.296912050950249135e+08
1.069720196388714612e+08
5.247863197311338037e+07
1.007640662247718722e+08
5.043787368753071129e+07
7.244095025181329250e+07
5.216453751574432850e+07
1.687895500533140004e+08
6.329005402115278244e+08
6.344382870805572271e+08
3.877179182438745350e+07
4.932268492475545406e+07
4.690080980069872737e+07
1.419123663410737216e+08
1.344386676390006244e+08
1.067886478192948401e+08
5.831530947496567965e+08
2.238769847195758343e+09
4.111500055130172968e+08
1.243435245610125542e+09
1.516675813637033224e+09
1.084932886889275908e+07
1.923594336418489367e+07
5.010337646899993718e+07
3.358231301462647319e+08
1.625017498437207699e+09
3.360467332860697806e+07
1.501729463704503477e+08
1.217553632138447285e+09
2.095308071929889441e+09
2.866935866657207012e+09
2.355419128995914936e+09
7.111106314590471983e+08
1.040469109565881610e+09
1.063993124279413462e+09
2.048155437571507394e+08
1.965337578728597164e+09
2.607757158507973328e+07
1.820164765323075294e+09
1.795534584515018940e+09
9.674504911736376286e+08
2.178264638382534385e+08
9.702012746212593317e+08
9.643892901932454109e+08
6.044975101203460693e+08
2.137894380448403120e+09
9.534355291209218502e+08
1.933625396762349829e+07
7.439070737445993423e+08
8.076236439411072992e+06
1.960907084184545040e+09
3.277731506552773714e+08
3.153900713338848948e+08
2.390029538133825779e+09
2.529905272783800125e+09
1.376913618124417588e+07
6.132105144451684505e+07
2.458079625078592449e+07
3.397944906976988792e+09
2.473309069784089088e+09
3.928147284698620796e+09
2.540307368202800676e+07
8.196660737837010622e+08
4.560214584092333913e+08
5.025172786064848304e+08
1.617078717567250013e+09
3.348577109554844379e+09
3.169646171388273835e+08
5.038281174662084877e+07
2.730785815743556499e+09
3.202450436095925808e+09
5.852175830185714960e+08
9.801628868540102616e+06
1.941902243314138055e+07
2.417304332752760887e+09
7.898726502005259991e+08
3.866993336069004536e+09
6.173410657046660781e+07
3.826903703748355389e+09
5.056854354567398071e+09
5.193090564829484940e+09
1.022258195567108154e+10
1.371382543314092064e+10
1.273477577221159264e+07
4.187126526215189457e+09
9.757263579912862778e+09
7.221488477711342812e+09
5.801222238570848465e+09
8.267558159268812835e+07
9.884199319175035477e+09
3.143297086378307819e+09
1.903982816220911965e+07
7.979080796117323637e+08
4.082289588006366789e+07
4.350332031884906769e+09
8.004696669663696289e+09
9.723027468810832500e+07
1.394260333360628128e+10
1.765236240411248779e+10
1.737613733945455790e+09
1.367093370436937213e+08
3.585606844520255089e+09
1.999319421466870308e+08
7.097402862495826185e+07
7.459495779602216184e+07
1.590406190579707527e+10
1.449753730425109863e+10
3.928644865819585800e+09
1.721500517589879781e+07
1.356590043241102219e+10
9.169198035508235916e+06
4.026035981119734645e+08
9.981906241602039337e+08
7.161100379063600302e+07
